130
0  119  170  248  161  508  296  200  544  430  165  383  409  425  273   88  156  187  226  201  249  301  331  285  354  244  202  221  304  242  176  404  265  149  198  417  300  331   65  319   37  325  207  313   98  181  319  348  394  105  369  528  376  174  388  505  537  388  270  382  168  136  271  282  475  389  411  300  304  242   66  452  465  504  508  127  402  355  302  170  384  553  189  419  345  356  382  308  304  320  527  403  263  342  302  401  251  321  499  227  587  523  420  174  116  327  185  197  160  297  588  121  394  197  187  274  121  175  459  391  303  380  589  203  322  235  150   90  167   82 
0  139  130  275  390  365  138  468  323  282  309  313  318  230  191  113  109  198   87  157  192  224  230  375  327  170  275  259  215  133  404  173  132   81  410  189  236  106  208  114  206  223  195  213   74  207  374  280   40  250  442  260   75  272  433  465  275  242  263  286  203  309  389  402  392  310  326  411  304   92  339  372  414  419  247  359  307  228   59  321  491  179  412  342  458  309  407  286  313  413  304  149  319  236  299  323  333  403  176  539  407  365  204  185  217  228  137  279  299  548  174  392  155  231  212  146   58  443  273  246  267  548  306  318  180  205  176  271   57 
0  220  257  409  464   49  596  301  279  441  262  295  369  177  250   68  336  141  118  191  211  368  503  414  308  170  399   78  271  539  131  265  189  547  193  358  105  214  135  263  349  238  216  114  212  500  368  103  300  565  338  208  290  564  595  364  107  311  317  136  428  442  532  253  272  451  465  408  104  427  490  534  540  264  498  186  363  121  457  626   44  549  203  519  441  474  424  174  493  417  176  458  373  263  419  463  516  315  677  416  503  323  129  319  342   46  300  432  686  106  527   29  125  349   71  141  581  342  135  270  686  369  179   68  311  146  333  106 
0  405  274  450  188  386  241  412  244  257  236  225  321  164  156  221   80  152  128  157  209  414  425  200  384  244  276  171  418  158  196   51  417  121  148  232  128  244   83  281   86  344  106  129  418  153  159  126  349  130   90  166  359  387  148  297  138  411  323  371  504  327  455  243  375  525  387  218  213  272  317  323  375  330  328  179  102  270  426  263  419  405  567  244  514  299  376  284  198   84  319  197  233  412  368  296  180  489  295  320  278  307   99  307  189  407  329  506  292  406  219  338  185  258   85  435  143  265  174  505  419  383  222  296  303  386  183 
0  650  329  303  697  555   31  537  520  549  417   86  311  307  367  346  369  434  460  434  443  265  348  177  448  299  329  509  384  297  355  527  434  491  178  455  161  477  323  461   64  321  454  433  554  249  520  685  534  336  529  656  688  548  320  532  106  129  354  229  628  377  528  390  249  299  190  613  625  663  666   67  539  413  458  315  533  698  247  529  347  305  536  276  431  332  687  564  404  470  456  519  291  423  659  379  722  662  564  287  129  488  282  301   79  411  718  153  502  285  179  427  186  325  575  548  380  515  720  191  330  323  248  113  168  224 
0  720  360  475  137  664  410  204  139  464  564  435  347  478  307  291  218  199  439  663  698  463  573  470  416  439  647  279  468  321  639  217  325  472  196  493  191  548  195  595  330  198  670  209  405  150  420  189  364  121  472  487  215  419  138  676  542  635  776  449  549  177  633  797  658  461  212  352  385  393  634  524  383  393  339  450  544  440  640  509  840  411  787  538  487  209  302  247  545  414  179  684  617  345  434  624   30  494  549  532  258  579  363  668  577  655  511  635  389  531  418  473  333  641  163  349  139  651  691  496  362  570  539  658  430 
0  488  531  682  301  408  678  677  286  334  286  468  251  448  522  553  585  315  159   64  261  485  301  538  281  238  538  254  408  262  548  430  361  564  333  531  175  534  302  440  564  143  542  378  571  546  544  361  616  489  516  535  566  583  226  406  102  162  472  675  673  131  165   63  360  584  521  542  541  265  341  650  363  424  380  499  484  263  634  167  408  123  237  611  656  495  506  264  346  662   45  171  558  294  489  743  383  172  390  475  142  486  251  192  470  405  237  490  465  328  415  417  314  568  596  619  474  140  612  527  160  359  161  364 
0  572  253  323  421  217  247  363  221  250   34  335  109   69  143  162  358  512  441  307  215  390   89  269  541   83  270  166  547  146  332  140  166  169  221  359  194  258   88  164  510  330  111  255  537  298  195  242  542  572  327  112  266  357  184  442  479  510  269  225  462  502  429  135  388  460  505  511  305  488  170  346  100  441  606   83  549  219  554  421  507  423  189  451  386  132  454  358  216  444  470  484  308  662  367  488  336  177  286  358    3  341  436  674  154  529   32  172  337  118  120  578  300  110  221  673  402  196   43  330  191  366  124 
0  549  689  161  598  547  282  632  388  538  333  462  537  493  511  262  388  555  349  742  253  660  369  322  541  400  407  300  485  240  567  480  563  394  397  424  635  485  483  403  289  508  393   57  324  393  459   43   19  287  682  394  647  666  431  671   69  841  574  401  683  493  554  264  128   91   83  641  190  711  243  476  165   77  639  300  790  697  162  649  298  761  281  198  463  268  242  566  523  361  130  318  158  505  149  428  646  295  447  573  658  340  195  639  315  600  698  270  614  455  266  343  650  488  190  602  768  607  469  629  587  523 
0  573  447   68    6  463  471  399  249  463  237  187  131  100  443  655  649  441  454  478  293  410  656  171  430  275  652  134  349  383  118  408  175  520  157  506  252  118  659  260  326  159  498  226  323   91  536  557  263  291  156  597  436  610  710  508  414   41  616  733  620  374  292  421  461  469  550  552  247  405  265  483  609  325  654  375  781  447  730  538  354  317  355  176  554  425   44  642  608  426  421  684  130  531  512  429  276  540  256  585  569  709  407  643  276  416  420  370  267  665  206  219   69  706  628  363  244  523  442  592  349 
0  531  540  568  408  102  308  324  357  358  387  450  477  427  421  237  340  208  438  325  324  489  402  290  362  508  450  490  192  471  172  487  308  472   70  334  469  410  559  260  530  679  541  339  543  648  680  553  347  543   76  156  332  198  620  408  548  369  218  275  203  617  622  659  662   49  527  440  453  326  524  687  272  510  378  274  530  245  416  362  692  564  417  456  449  538  265  403  657  372  708  677  553  272  153  492  264  321   50  394  702  176  483  307  208  421  208  335  557  556  405  531  704  162  360  345  232  132  142  235 
0  484  444  131  471  227  388  180  314  396  364  388  106  291  419  192  582  109  509  208  251  402  240  255  237  357  100  406  357  402  276  252  301  474  334  359  304  201  349  290  150  227  235  357  124  156  196  533  295  494  505  306  531   93  690  464  285  546  360  393  213  113  136  137  483  114  571   82  323   40  185  484  238  640  568    1  516  173  610  270  112  327  159   81  454  391  252  150  159  245  439   84  279  485  172  302  422  502  220  265  479  240  448  539  110  455  302  231  252  509  380  263  456  617  460  319  467  437  363 
0   65  483  438  403  222  475  231  160  131  101  466  667  640  451  404  501  240  417  675  144  433  281  674  138  384  355  130  382  208  524  183  475  239  128  670  309  307  204  549  273  329  141  581  604  311  234  205  572  396  614  691  552  348   28  624  714  616  348  347  470  512  520  522  582  181  433  254  517  654  279  676  311  764  484  715  555  292  380  401  179  576  452   32  636  621  479  435  725  195  566  512  391  312  539  220  558  583  748  368  663  235  368  442  333  262  691  256  160  110  746  611  301  199  518  408  575  328 
0  459  465  394  243  458  231  181  125   94  439  650  643  436  449  473  288  404  651  166  425  270  648  129  346  377  113  402  171  515  153  500  246  112  654  258  320  156  496  224  318   88  534  555  261  286  153  592  431  605  705  505  410   38  611  727  614  368  290  419  459  467  544  548  243  401  259  479  607  319  650  372  775  444  724  533  350  317  353  171  550  421   40  636  604  424  416  681  134  528  507  424  272  535  250  580  565  706  401  638  271  410  415  365  262  661  204  214   65  703  622  359  239  518  437  587  343 
0  359  123  331   51  270  359  352  382   30  198  291   71  487   32  445  101  193  369  124  209  192  345  148  310  353  298  291  121  306  357  280  355  206  267  267  321  280  277  169  380  241  272  260  472  331  366  404  186  401  214  622  469  174  416  233  298  302  240  267  268  359  131  528   78  265  117  282  409  194  572  440  130  388   75  543  372  210  306   94   60  458  263  152  277   54  316  491  148  148  384  207  171  362  376  113  320  382  180  384  447   47  365  247  216  303  465  395  321  325  548  405  189  361  307  274 
0  244  222  311  260  284  349  375  372  421  274  288  152  391  230  263  478  300  236  272  493  349  416   92  369   77  391  282  374   40  235  368  413  471  163  434  615  450  257  443  593  625  466  255  447  144   73  333  274  563  342  446  366  296  290  104  531  552  591  595   90  487  347  390  229  471  640  175  495  304  352  470  313  385  284  604  488  318  424  390  436  291  393  585  315  672  576  507  247   60  407  251  218  124  374  672   81  469  206  132  362  107  240  538  463  307  430  673  212  283  245  215   32  179  138 
0  220   86  174  259  274  306  130  267  264   58  364  154  327   22  292  273   32  124  298  268  185  187  282  177  246  121  249  248  175  282  268  274  147  286  373  267   76  330  349  381  267  355  298  282  283  211  353  319  501  395  221  372  224  175  326  315  351  355  262  254  419  147  159  229  399  288  300  452  410  226  356  174  424  401  259  226  208  146  384  249  223  350   72  438  458  267  114  262  204  144  249  286  188  443  260  280  267  324  118  242  145  331  289  357  335  444  268  428  292  136  242  240  151 
0  304   77   63  128  153  325  484  424  276  238  358  122  239  511   79  241  133  516  130  299  134  151  161  195  332  170  257   54  149  483  301   89  232  504  270  162  226  509  538  297  145  244  351  195  417  469  476  303  226  435  492  408  126  360  428  472  478  302  455  199  312   66  407  573  109  518  252  543  387  494  392  223  425  354  108  423  325  216  424  442  452  276  628  356  455  311  185  254  335   34  337  407  641  164  499   63  193  304  127   86  546  274  137  209  640  390  229   74  308  195  354  107 
0  251  339  344  375   74  192  248   28  443   81  413   65  207  352   77  194  212  337  179  267  348  253  296   79  306  307  257  349  197  291  232  331  329  296  149  385  291  323  284  440  342  315  359  158  355  265  586  463  155  371  194  257  333  285  314  316  309  176  503  115  241  168  331  373  214  538  399  179  346   88  509  406  247  296  122  103  452  224  146  322   45  361  503  197  100  339  226  125  334  325  108  363  339  195  353  404   79  324  225  245  320  441  395  364  278  513  377  139  315  258  235 
0   89  106  138  260  440  412  225  307  294  198  189  458  100  202   62  460  103  223  168  121  187  132  294  114  289   28  120  442  228   98  174  428  200  103  187  433  463  224  220  186  369  252  383  476  401  378  226  395  498  386  156  288  351  396  402  327  388  261  242   32  336  499  184  462  328  545  314  493  337  299  356  277   62  364  256  215  406  396  376  217  557  322  384  280  237  178  308  110  361  359  571  220  445  139  261  238  184   31  485  208  197  181  570  392  305  146  288  238  357  124 
0   75   93  348  526  481  313  283  383  139  276  546   16  285  150  549   78  300  197   98  223  163  378  133  320   85   96  527  277  147  193  498  243  191  173  511  539  275  153  202  413  252  465  531  479  310  163  480  553  461  189  333  419  464  471  365  475  176  327  101  420  579  150  551  261  604  396  555  426  233  391  344   77  453  343  153  479  482  439  306  640  298  469  361  244  243  386   72  400  446  656  222  534   98  241  326  185  114  574  241  113  152  655  451  240   80  362  256  415  168 
0   33  336  536  518  320  358  371  211  286  545   66  304  150  544    8  265  258   23  281  101  395   70  381  121   21  539  217  196  123  449  181  198   99  471  497  216  221  131  469  323  485  580  440  372  121  494  602  491  248  269  369  414  421  424  456  222  306  134  394  542  225  546  325  650  364  599  424  299  322  296   48  446  324  110  512  490  385  304  609  228  444  384  313  198  412  146  458  452  629  292  532  173  315  313  255  137  563  174  166   81  627  497  307  153  393  322  462  220 
0  365  567  551  351  374  400  220  318  575   80  336  182  574   38  288  285   31  310  116  427   87  409  152   29  570  228  226  127  465  192  230   86  491  516  228  227  133  499  346  517  611  461  372   89  526  633  523  276  276  385  429  436  452  483  214  333  165  419  563  241  576  327  681  388  631  455  301  323  313   80  476  352   78  544  521  399  335  632  205  469  417  337  219  444  165  487  483  653  315  562  190  332  342  278  169  591  181  164   60  651  528  309  164  426  347  493  250 
0  225  319   87  494   35  442  110  213  358  138  199  209  329  120  317  336  308  269  149  286  373  273  337  234  239  268  297  256  250  163  358  222  254  232  468  307  388  413  216  428  194  621  450  203  444  262  305  273  212  240  242  379  130  521   49  259   99  269  409  211  571  469  105  417  100  542  342  180  291  111   31  440  292  180  249   58  310  466  137  173  393  181  198  358  397  141  318  390  200  381  453   23  370  240  227  276  457  374  318  351  547  399  213  372  332  277 
0  206  216  571  197  581  251   79  540  243  386  103  530  344  413  540  390  486  153  498  399  442  541   16  463  402  519  412  475  339  575  347  371  457  609  529  353  486   89  318  335  742  656   54  324  150  407  493  402  414  412  376  200  681  273  426  256  347  533  104  696  323  291  282  126  669  558  395  488  132  252  645  171   46  438  234  331  689  244  182  467  405  170  510  375   86  311  475   79  524  541  245  472  412  155  501  621  587  315  277  672  554  206  437  282  397 
0  251  423  311  485  263  283  497  231  379  306  515  426  309  532  280  508  170  507  240  401  531  191  532  335  549  564  529  334  588  512  541  525  512  561  162  346  128  117  492  616  637  165  128   63  309  578  530  555  555  202  368  599  363  386  397  530  430  307  576  151  419   98  257  554  652  496  473  289  349  626   35  206  567  287  529  719  407  154  332  463  125  439  187  216  513  348  281  441  406  327  360  382  358  552  547  589  517   77  555  478  128  300   98  317 
0  417  103  385   37  235  325   52  170  240  314  176  241  325  228  277   86  286  287  230  326  219  282  204  314  341  283  123  365  309  341  275  412  325  302  334  173  352  281  558  440  175  370  201  230  328  292  324  326  292  201  476  119  214  185  352  345  242  510  401  191  347  116  481  402  248  272  150  111  429  229  171  329   37  386  487  219   97  313  215  126  306  311  133  389  313  223  325  378   84  297  199  273  307  413  374  390  272  485  349  133  291  249  208 
0  518  163  386  625  294  366  345  638  361  510  177  381  190  433  427  408  183  279  379  564  535  236  470  717  506  350  457  707  738  531  174  481  277   85  484  405  675  200  420  516  426  443  190  594  646  689  694  226  618  259  501  282  590  761  133  640  172  482  582  450  524  161  662  575  346  562  506  413  443  540  675  436  802  577  631  393  105  481  400  213  252  518  806  104  615  185   46  479  129  300  680  511  246  434  806  356  157  211  365  134  327  220 
0  474  133  179  393  155  233  174  364  147  341  371  330  304  145  321  388  306  372  207  267  297  331  254  281  195  392  211  243  260  500  340  394  436  199  424  186  651  486  181  438  251  330  297  221  244  244  390  100  554   77  292   88  250  438  176  601  459  108  408   71  572  363  200  326   77   56  475  282  153  258   84  284  498  116  175  415  213  196  390  406  117  289  414  166  412  478   59  396  273  192  308  490  409  289  351  577  432  216  393  334  304 
0  348  617  145  343  254  624  216  421  177  234  205  301  427  272  270  176  231  578  414  181  332  625  380  280  306  630  660  411   28  341  374  170  505  504  598  181  257  529  526  483  179  471  548  593  599  320  572  117  433  187  528  694   55  627  131  581  509  539  501  101  530  474  213  534  445  250  493  542  571  391  748  418  575  401  173  373  419   88  354  510  760  150  605   62  130  422  127  207  658  380   84  280  759  435  107   59  387  199  399  184 
0  272  289   36  136  277  280  174  209  293  198  251  111  256  266  193  293  253  269  168  290  356  266   88  337  330  362  263  375  302  294  304  201  357  300  522  407  208  376  219  197  319  300  335  338  277  233  438  129  177  208  378  309  280  473  412  208  358  154  445  394  248  238  186  127  396  246  206  335   51  417  462  246  110  283  200  141  269  299  170  421  281  260  287  345   99  263  162  310  289  376  344  422  274  449  312  138  263  248  173 
0  558  274  399   25  538  322  458  546  438  482  197  499  461  464  548   95  441  436  510  353  458  355  571  284  305  435  645  518  424  539  160  397  276  785  662  122  403  225  450  462  355  360  356  443  144  710  255  449  212  274  573   25  738  401  250  361  121  710  521  362  498  102  234  651  248   86  388  241  252  675  188  232  519  391  229  540  445  108  232  525   13  558  591  236  517  433   76  485  648  587  236  352  714  584  264  491  354  435 
0  299  160  560   71  305  213   89  240  160  392  130  335   99   86  541  275  164  187  500  240  203  163  516  543  273  157  196  430  266  480  547  484  311  147  494  570  477  205  330  421  466  473  381  484  170  335  115  428  584  161  562  263  620  402  571  437  235  386  346   78  464  351  137  495  495  440  317  647  285  477  375  259  246  401   85  416  459  664  236  546  110  252  335  200  127  585  237  109  140  662  467  243   87  378  271  431  184 
0  155  282  298  210  191  313  176  278   92  281  235  200  313  242  304  162  318  389  299  107  362  360  392  297  371  331  258  282  181  322  331  513  425  195  341  191  180  354  335  370  372  243  253  440  163  184  237  405  300  285  465  378  240  324  161  437  430  284  256  198  159  414  217  200  371   82  438  490  271   82  261  234  112  269  264  168  440  262  263  284  327  131  248  172  319  321  378  366  441  239  441  312  104  238  212  161 
0  400  145  169  185  158  195  132  245  128  294   79  158  388  199  114  175  376  179   48  209  376  406  194  278  188  360  280  335  455  344  435  271  343  476  345  171  259  302  346  351  325  326  323  181   68  275  440  233  403  385  519  255  466  278  355  332  230  102  304  195  260  369  340  330  158  496  341  323  237  262  138  266  167  356  302  510  249  386  194  300  176  217   48  425  194  259  212  509  370  362  205  251  256  337  136 
0  537  314  469  545  450  478  211  496  477  468  546  119  431  443  504  332  450  358  566  262  282  425  652  512  444  553  181  420  256  795  659  143  426  247  461  449  338  341  337  461  126  715  249  453  197  250  582    2  747  426  237  385  124  719  506  349  498   98  228  649  271  105  370  243  228  667  169  246  533  384  246  546  464  120  208  537   26  564  603  233  528  436   52  476  652  583  212  373  723  590  280  505  374  444 
0  257  258   21  280   94  389   63  381  119   20  533  210  195  117  442  174  193   97  464  489  209  227  126  468  325  479  577  433  379  127  488  599  486  247  262  362  406  413  423  449  229  299  131  387  534  228  539  332  647  357  596  418  305  316  288   43  439  317  116  508  484  378  298  601  228  436  379  315  190  407  148  457  445  621  294  525  176  318  306  256  133  556  168  173   81  619  494  313  157  389  323  459  219 
0  340  257  342  176  257  201  428  245  259  353  120  275  193  208  136  162  259  211  240  113  443  200  467  439  333  528  179  601  364  322  546  373  326  154  136  179  184  446  204  475   71  237  134  279  401  316  551  577  100  523  218  522  227   74  228  221   91  355  403  299  168  139  344  353  182  273  420   73  301  333  471  261  365  410  310  361  465  103  381  216  319  162  413  281  363  446  528  368  308  407  421  293 
0  278   29  300  262  283  123  143  277  409  384   73  342  545  361  178  352  531  562  379  205  355  217   99  333  339  500  328  360  360  362  307   14  444  477  518  523  167  441  290  325  137  413  584  124  472  283  415  406  369  351  257  516  409  226  388  329  350  316  378  508  259  625  485  454  232   79  323  246  138  203  351  629   73  448  134  137  302   59  149  509  373  240  339  630  264  259  172  213   71  228   49 
0  301   86  403   57  402  139    3  544  200  215  102  435  163  206   76  460  485  200  243  110  488  346  493  596  430  393  116  500  618  502  268  250  356  399  407  443  453  239  303  150  388  532  248  547  347  665  357  614  426  320  301  283   59  446  322  105  524  494  370  307  601  207  438  394  336  188  422  169  478  456  622  315  533  196  338  312  277  151  562  155  186   61  620  513  328  176  405  344  478  239 
0  316  241  301  102  163  300  385  394   88  359  543  373  181  373  525  557  389  233  372  190  106  308  310  495  352  386  336  333  279   34  453  478  518  522  142  429  319  320  155  406  576  152  453  307  386  401  340  334  282  527  412  246  373  322  376  288  356  510  249  614  507  444  209   85  330  222  166  177  331  616   87  428  163  153  295   84  164  491  386  269  362  617  235  284  202  188   66  198   63 
0  361   31  418  159   89  492  116  228   44  349   80  173   89  375  400  115  316   57  491  383  450  587  345  471  188  451  607  469  287  170  269  313  321  453  377  323  230  163  310  447  303  480  423  650  276  597  366  395  230  196   88  380  251  179  495  440  284  252  517  212  358  360  369  104  389  223  485  400  540  351  469  253  387  246  315  152  490   79  266  106  537  502  402  243  379  370  469  253 
0  367  269  293  403  151  368  249  399  399  369  197  448  354  385  361  456  411  255  342   90  280  330  590  516  103  295  116  255  411  361  388  388  259  221  529  193  277  233  384  381  213  544  321  251  268  108  517  484  326  347  148  179  505  145  115  398  120  401  572  252   36  322  301   51  358  269   91  395  328  188  371  394  157  321  265  255  393  468  455  397  206  520  401   76  294  191  243 
0  403  140   59  503  147  213   62  379  111  174   81  404  429  146  286   74  481  362  457  581  373  440  165  461  602  472  270  200  300  344  351  440  399  292  250  146  334  475  277  498  392  647  301  594  380  365  258  226   62  398  270  155  496  452  315  264  544  214  383  363  349  131  392  196  473  413  566  330  486  226  363  263  293  138  510  108  235   89  564  497  372  213  379  352  463  238 
0  265  400  390  491  190  461  621  472  272  474  595  627  485  295  474  104  110  311  235  566  378  482  345  257  263  134  550  561  599  603   50  481  387  395  257  472  638  215  479  341  312  474  274  375  322  624  501  348  415  393  472  260  375  595  316  665  608  504  233  100  425  232  256   84  359  663  121  453  244  169  365  147  266  524  487  346  462  664  175  321  284  197   72  144  165 
0  138  442  256   76  200  452  228  111  209  455  484  252  199  213  349  224  380  459  422  357  236  395  481  378  131  315  376  420  426  305  402  248  259   16  353  518  158  470  306  530  333  479  344  277  384  302   83  373  272  225  397  398  401  226  574  344  401  276  210  204  302   88  339  362  587  192  452  116  233  251  157   33  496  235  185  200  586  377  283  127  279  212  341  101 
0  545  202  214  105  438  166  206   78  463  488  202  241  112  487  344  493  596  432  390  115  501  618  502  266  252  358  402  409  442  454  237  304  150  390  534  246  548  344  665  359  614  428  318  304  285   59  448  323  104  524  495  372  308  603  208  440  394  334  190  423  167  477  457  624  313  535  194  336  314  276  150  563  157  183   62  622  513  326  173  405  342  477  238 
0  472  400  525  426  483  341  581  362  387  466  606  535  341  479   80  303  350  737  659   49  308  137  403  504  415  428  426  366  214  680  282  426  269  362  530  120  691  307  303  267  136  665  569  406  491  145  262  648  157   54  451  240  347  696  259  177  460  413  164  509  363   93  327  469   95  522  535  253  467  413  170  509  620  592  331  263  668  553  199  430  270  394 
0  312  105  240   37  221  170  276  297    7  430  105  549  476  448  626  249  586  285  440  645  483  370   60  161  203  211  519  314  438  190  254  241  350  410  433  537  681  202  627  337  509  133   97  200  340  211  278  512  418  171  248  426  238  285  378  460   70  407  331  548  380  453  445  429  362  489  220  411  238  431   55  382  199  450  542  517  356  407  455  513  335 
0  271  482  289  114  285  473  504  307  209  284  273  166  331  385  441  355  308  351  407  319   59  372  411  453  458  229  397  280  268   67  361  531  141  445  305  457  348  408  320  277  444  341  159  354  276  297  335  361  440  213  578  420  404  225  149  251  247  110  263  329  586  136  424  122  191  251  107   77  477  300  221  276  586  304  281  153  220  144  268   25 
0  344   69  215   68  379  401  106  343   13  534  424  487  629  350  495  181  486  650  509  329  149  266  308  316  496  397  341  255  205  326  451  338  505  448  692  290  639  396  421  200  197  124  407  276  173  535  472  275  287  525  173  374  399  410  120  429  258  529  433  551  392  497  287  425  275  355  195  512   54  288   95  548  544  429  273  420  412  512  296 
0  276  368  409   74   72  238  646  344  643  644  444  678   77  805  524  418  691  503  531  210   80   37   29  632  212  669  227  444  167  132  608  332  755  710  150  660  309  726  225  154  422  284  230  517  533  380   75  307  214  449  168  428  624  255  450  538  652  354  250  616  344  567  672  258  588  424  304  293  609  439  245  605  732  571  468  609  587  499 
0  207  136  310  332   37  396   71  535  451  453  619  282  551  250  448  639  483  348   90  197  239  247  503  338  402  204  228  265  383  379  452  503  677  227  623  350  475  156  129  167  356  225  242  511  429  207  251  458  217  311  376  435   70  406  300  533  390  484  419  446  330  460  230  384  213  454   26  347  164  481  534  483  322  403  432  504  313 
0  255  359  390  215  306  228  328  277  287  415  327  460  319  296  436  298  164  278  299  340  345  298  293  359  155   97  249  418  250  360  410  477  235  424  234  380  353  232  150  262  165  308  323  294  330  115  469  385  295  189  258  153  219  195  327  256  480  248  343  218  305  142  221   78  385  226  296  259  479  330  386  237  206  246  298  131 
0  446  467  173  313   65  557  422  537  661  417  455  115  540  682  553  340  207  332  373  381  514  463  294  318  219  393  519  323  568  411  727  357  675  455  386  244  265  126  469  339  109  577  529  338  341  593  135  441  444  411  186  473  245  548  489  618  390  558  272  414  335  353  215  577  116  249   32  615  576  395  249  460  418  542  310 
0   32  273  653  381  606  629  388  628   32  811  559  359  640  450  518  260  121   96   89  600  148  686  206  445  124   73  607  262  761  655  125  606  256  732  289  181  438  225  203  550  480  319  135  279  152  502  106  386  609  273  405  543  617  298  184  603  276  570  663  231  579  424  231  331  624  473  180  559  738  579  427  591  545  487 
0  294  682  402  637  661  416  658   63  841  581  386  669  479  549  275  137  103   96  632  175  713  238  475  156   60  638  282  790  682  157  635  285  761  296  204  466  253  235  573  509  346  144  311  142  517  135  417  641  299  435  572  648  326  178  635  298  600  695  263  610  454  247  352  652  495  173  590  768  608  458  623  576  519 
0  427  107  542  472  441  619  246  584  287  433  638  476  365   65  159  202  209  513  309  438  184  250  235  346  406  426  535  674  196  620  331  507  139   93  198  334  204  279  505  412  170  241  422  244  280  371  455   63  400  328  542  373  449  440  422  358  485  213  406  233  426   58  381  201  446  535  515  353  400  450  506  330 
0  352  399  191  534  529  621  159  253  557  551  511  207  486  568  613  619  345  598   93  458  211  552  718   82  654  109  607  533  565  529   80  543  493  229  562  470  248  521  570  590  417  773  419  599  429  196  393  447  111  378  538  785  174  633   88  146  448  153  231  685  393   74  285  785  461   87   75  416  223  426  212 
0  547  436  498  642  353  503  180  497  663  521  342  145  266  308  315  509  404  347  263  218  332  454  349  514  456  705  295  652  405  430  191  200  136  416  285  173  547  482  274  297  528  162  380  412  422  128  441  269  542  443  554  404  506  298  436  285  367  208  519   51  295   95  551  557  438  283  433  425  525  309 
0  213  265  131  579  476  576  303  152  204  224  604  593  626  628   55  476  491  420  338  482  639  319  446  442  209  493  173  362  424  680  541  431  401  413  566  191  340  629  338  653  692  506  221  204  479  207  354   26  335  644  225  419  346  270  386  250  342  495  553  449  548  647   86  423  385  179  176   71  249 
0  400  343  598  269  407  432  365  361  112  536  575  617  621  158  535  284  423  223  511  681  119  555  232  421  504  384  439  212  607  507  301  478  427  398  363  455  606  355  720  550  550  308   20  418  316  181  190  433  722   32  530  160   59  399   69  239  595  460  251  404  723  284  212  197  280   49  252  146 
0  245  370  660  606   38  255   67  328  487  419  439  439  287  242  611  264  364  278  403  456  183  616  266  305  218  135  590  558  396  437  164  246  595   94   78  456  202  401  659  282  106  382  383   87  441  286   91  386  391  155  451  456  230  391  353  232  478  552  544  390  192  592  484  121  351  194  322 
0  607  605  693  281   23  180  344  677  640  667  668  185  485  620  470  446  511  647  448  422  573   78  531   52  373  555  752  600  538  406  458  682  151  323  677  390  645  795  523  256  334  556  230  477  154  333  628  355  395  471  400  433  378  447  472  639  576  656  632   85  554  511  221  306  119  363 
0  779  530  342  620  430  487  238  100   87   82  572  135  654  175  413   97  102  575  257  729  636   94  587  236  699  273  153  407  208  173  521  460  304  122  249  176  479   91  361  578  242  381  511  590  280  206  572  268  538  632  201  547  392  231  304  592  444  202  536  706  547  402  560  520  456 
0  373  688  625  627  335  640  727  771  778  423  751  167  614  367  708  875  213  797   50  682  690  649  674   80  694  652  386  709  625  371  631  706  748  568  928  543  754  560  284  551  574  268  451  678  939  270  774  242  210  602  269  388  831  546  207  425  939  552   74  234  539  316  521  351 
0  615  715  611  352  322  446  488  496  528  564  206  416  251  498  631  292  661  335  765  464  715  542  315  353  378  169  561  435   11  632  610  454  423  704  170  547  505  401  292  533  228  563  571  728  378  649  246  383  427  342  256  675  232  180   86  725  612  323  211  514  416  576  330 
0  289  104  354  475  398  415  414  324  211  631  252  379  254  369  481  144  642  297  284  251  112  616  544  381  446  134  232  604  130   42  434  200  364  658  253  128  412  378  116  460  324   65  349  421  117  473  487  220  419  367  194  473  571  549  352  231  619  504  152  383  232  345 
0  191  367  695  655  682  682  207  496  643  486  468  524  657  471  428  594   56  545   45  385  576  770  617  560  417  474  705  161  331  693  407  652  816  535  273  356  575  246  499  176  344  635  377  402  494  422  450  400  468  478  660  599  678  639  106  575  533  239  328  140  386 
0  304  527  471  495  495  233  305  593  308  363  335  467  430  248  585  208  359  157  194  561  600  440  444  227  292  600   31  145  509  235  467  681  344  109  344  415   80  427  227  154  453  357  221  433  419  272  362  355  299  507  538  557  456  127  562  469   99  312  133  305 
0  430  463  505  509  176  430  290  312  124  401  572  127  463  289  419  393  372  342  262  503  395  214  378  316  342  315  370  494  247  613  474  442  225   93  309  242  133  211  343  618   86  440  132  148  290   67  136  499  359  238  328  619  267  265  170  209   85  231   35 
0  140  174  182  576  327  489  224  314  253  332  469  451  592  728  213  675  368  565   76  101  257  365  243  315  556  450  136  292  412  242  291  424  520  125  454  390  604  413  443  505  450  420  549  257  471  298  443   95  435  238  439  593  572  412  456  515  566  395 
0   45   52  576  212  590  173  369  147  193  533  339  677  679  114  627  286  648  174   75  343  270  182  439  502  365   37  255  273  381  170  385  556  176  410  461  599  333  304  546  345  491  601  208  517  349  322  215  530  361  300  562  655  493  423  543  541  429 
0    8  612  217  634  206  413  161  163  578  341  722  703  137  652  305  693  193  120  388  283  213  480  526  379   40  289  245  414  172  414  598  220  438  506  634  351  279  588  350  535  644  240  560  393  318  256  575  402  274  592  700  538  454  584  572  471 
0  615  214  641  209  419  160  155  583  338  728  703  137  652  304  699  201  126  395  281  215  488  526  378   48  291  237  422  169  415  602  227  438  512  636  350  272  593  347  541  649  242  565  399  313  264  582  410  267  593  706  544  455  588  574  476 
0  478  437  406  295  476  639  265  463  389  263  483  226  368  370  651  520  388  407  402  517  225  357  611  325  660  648  505  223  149  451  216  303   35  346  654  171  436  293  216  374  196  302  510  518  396  504  656  131  369  332  184  122  104  204 
0  649  150  389   74  164  538  127  701  508  114  460  114  672  380  226  414   79  133  554  335  171  245  184  185  552   45  256  514  277  270  488  490  152  189  513  134  511  578  151  496  369  117  363  585  483  189  421  677  529  297  491  411  405 
0  502  263  596  754  172  717  132  698  571  655  591  117  537  515  248  621  517  204  605  640  607  474  816  376  645  505  289  415  526  171  471  606  832  266  698  160  237  499  243  281  744  394   64  262  831  551  125  127  496  315  516  289 
0  247   95  263  405  250  563  514   81  461  147  534  294  133  264  153   21  405  338  228  209   83  316  420  143  214  403  136  240  346  427  190  330  397  242  372  457   36  373  226  260  230  439  336  328  391  540  386  251  386  369  281 
0  341  508  165  455  317  516  323  465  329  288  384  296   93  358  259  240  382  382  396  211  562  354  388  260  208  200  286  100  329  347  575  191  437  126  236  238  157   20  481  237  200  211  574  363  294  140  264  207  328   92 
0  171  499  198  658  543   40  493  143  629  309  153  354  123   85  488  366  219  182  157  221  479   49  263  490  207  284  441  493  189  236  486  200  466  548  111  464  321  191  290  533  415  235  439  634  480  305  471  423  372 
0  668  250  825  665  185  620  278  795  356  254  508  242  256  623  496  328  203  327   82  574  134  418  661  344  433  607  652  314  119  657  269  633  719  282  635  487  208  404  692  546  113  585  801  644  460  641  574  543 
0  584  165  526  484  483  460  137  533  460  215  495  415  284  440  496  559  355  718  445  544  352  119  362  369   81  299  466  727   96  562   52   91  391   71  185  618  382  133  301  727  379  141   81  336  144  344  139 
0  749  427  238  386  126  721  507  350  500  100  229  651  272  107  371  245  227  668  170  248  535  386  248  548  466  122  207  539   27  567  606  235  530  438   51  478  655  585  211  375  725  592  282  507  376  446 
0  650  640  615  625   29  648  602  337  660  574  332  590  659  699  518  878  505  704  514  245  502  529  218  418  630  889  229  727  192  173  552  224  338  783  499  163  381  889  516   24  184  495  276  483  303 
0  567   54  401  633  803  646  607  430  499  754  177  338  717  437  654  860  549  304  412  611  275  552  232  357  633  433  402  547  478  478  455  515  477  698  653  725  637  153  632  587  274  383  189  436 
0  516  172  610  270  113  327  158   81  455  390  251  151  158  245  440   84  278  484  172  301  422  502  219  265  478  239  448  538  109  454  302  231  252  508  380  263  456  616  459  318  467  437  362 
0  351  596  749  593  555  382  447  704  127  293  665  384  612  807  500  250  373  558  222  505  198  309  593  393  361  502  442  425  412  463  437  645  608  673  598  105  595  541  221  343  141  387 
0  597  434  271  378   40  126  531  225   82  323  120  292  565  150  144  419  281  156  422  378   47  288  421  108  441  487  121  409  312  158  376  528  469  289  307  601  466  185  393  297  322 
0  621  573  309  631  545  311  567  632  670  489  849  484  675  488  224  473  503  189  401  603  860  206  699  162  155  522  199  308  754  472  138  357  859  496    8  155  470  255  462  275 
0  163  319  427  312  349  629  516  153  365  438  236  341  499  591  200  527  453  680  480  472  575  509  483  616  328  540  369  493  151  487  276  468  669  629  472  531  587  641  467 
0  268  265  149  370  471  353  100  210  329  332  193  344  488  101  372  387  545  317  356  477  350  416  530  169  447  276  343  151  455  292  353  519  580  418  380  477  495  361 
0  400  281  158  466  442  363  257  572  261  404  337  289  168  365  135  422  404  590  269  486  164  301  268  232   92  519  167  187  118  588  455  316  155  347  293  420  184 
0  132  551  256   96  305  147  253  573  119  184  457  289  194  454  417   73  248  459   89  474  525  135  446  341  123  383  558  486  250  343  636  497  224  432  335  358 
0  425  323  208  220   77  304  442  130  202  407  157  228  359  422  170  316  402  221  383  463   28  380  239  240  251  453  357  315  380  551  399  241  388  359  287 
0  621  599  447  412  695  173  537  494  392  283  522  218  553  560  719  369  638  237  375  416  333  245  665  224  175   78  716  601  319  203  502  407  565  319 
0  171  539  265  494  707  374  136  347  444  106  442  215  183  478  361  245  446  422  302  370  376  323  534  551  580  482  108  568  482  119  315  122  320 
0  401  188  323  643  214  148  436  360  143  469  359   40  308  442   80  484  508  199  437  368  155  455  579  541  312  270  635  513  178  407  269  358 
0  292  285  375  201  422  587  198  447  485  635  370  319  576  378  515  629  245  546  376  351  222  549  369  314  600  677  515  460  575  578  460 
0  366  459  195  134  335  182  162  308  345  149  373  332  229  329  395   49  313  194  270  276  411  353  373  309  494  351  170  314  286  221 
0  654  174  436  699  413  446  662  669  319   40  698  252  687  762  327  679  542  178  480  753  619   34  591  854  701  477  676  585  587 
0  523  572  541  285  601  370  683  603  685  520  662  395  536  444  482  350  669  191  347  147  681  710  493  366  591  550  676  445 
0  285  530  255  302  488  519  192  187  527  178  513  590  154  507  369  153  336  581  464  186  456  681  528  327  508  443  414 
0  288  309   30  335  234  127  431  295  223  346  361  177  291  250  291  399  446  448  433  178  491  378   42  260  160  217 
0  400  297  174  182  413  702   24  510  156   75  379   59  222  575  445  252  394  703  272  224  194  261   31  238  128 
0  339  287  479  320  436  387  378  317  435  160  354  181  391   96  355  208  433  472  480  318  337  393  443  273 
0  357  223  130  438  306  221  366  371  204  305  277  293  429  468  477  441  155  506  399   36  267  141  237 
0  338  436  674  151  529   30  169  337  115  120  577  302  111  224  674  400  195   44  329  189  364  122 
0  352  661  204  439  328  246  394  231  335  514  549  431  538  664  112  400  368  193  156   93  238 
0  309  418   97  452  484  160  410  332  165  416  544  501  312  272  606  479  163  385  266  328 
0  702  233  698  766  337  685  555  156  507  768  643    7  578  865  715  470  678  575  594 
0  515  132   66  375   37  207  578  428  228  373  702  291  207  170  270   50  257  117 
0  546  581  223  507  420   77  472  636  574  237  348  703  572  256  482  348  424 
0  142  361   99  146  597  332  106  250  697  397  168   40  336  175  361  129 
0  437   84  254  644  466  214  392  767  343  153  172  335  107  311  176 
0  353  219  251  256  435  351  337  355  528  378  215  360  333  261 
0  174  567  392  200  335  685  308  201  138  271   76  273   92 
0  463  224  217  210  554  363  314  160  257  220  328  101 
0  480  681  596  161  425  759  620  328  548  425  480 
0  340  146  504  555  480  321  424  443  524  325 
0  219  767  503  147   69  439  275  467  232 
0  640  573  365  224  462  403  538  300 
0  581  865  714  473  679  578  594 
0  495  436  140  241   36  283 
0  162  472  255  462  279 
0  371  214  400  163 
0  231  119  207 
0  208  120 
0  247 
0 